1218
1220
1222
1223
1224
1227
1228
1230
1232
1238
1241
1243
1244
1245
1246
1247
1248
1249
1250
1251
1252
1253
1254
1256
1257
1258
1260
1261
1262
1263
1211
1265
1266
1268
1269
1270
1273
1274
1275
1276
1280
1282
1284
1286
1289
1290
1293
1294
1298
1299
1300
1301
1302
1303
1212
1307
1308
1309
1310
1312
1314
1315
1316
1318
1321
1322
1323
1324
1325
1326
1330
1331
1213
1332
1214
1333
1335
1336
1337
1204
1340
1342
1344
1346
1348
1349
1350
1352
1354
1355
1357
1205
1358
1374
1375
1376
1378
1379
1380
1382
1386
1387
1389
1390
1215
1391
1206
1392
1393
1394
1398
1399
1401
1402
1403
1404
1405
1406
1407
1408
1409
1411
1412
1414
1415
1417
1420
1421
1422
1424
1425
1426
1430
1431
1432
1433
1434
1437
1438
1439
1442
1446
2609
1517
1519
1522
1523
2014
2610
2611
1526
1529
1968
2613
2612
1532
2614
2026
2055
2615
2616
1534
1537
1209
1465
2617
2618
2619
2620
2623
1541
1618
2625
2624
1467
1468
1551
1548
1554
1557
1560
1563
1566
1569
1572
1581
1575
1578
1584
1587
1469
1592
1470
1478
1480
1596
1481
1599
1602
1601
1605
1607
1610
1609
1483
1613
1615
1485
2627
2626
2629
2630
2631
1621
1624
1971
1277
1626
2603
2632
1501
1629
2635
2636
1493
1494
2637
2638
2639
2640
2642
1292
1636
1640
1643
1646
1649
1651
1654
1496
2643
1304
1657
2644
2650
2645
2646
2647
2648
2649
1453
1663
1669
1672
1674
1680
1685
1688
1691
1694
1700
1455
1457
1459
1712
1701
2604
2651
2652
1713
1319
2654
2653
1503
2084
2128
1716
1719
2660
2655
2656
2657
2658
1721
1724
1727
1730
1733
1327
1736
2131
2663
2662
1974
2664
1739
2526
2530
2538
2546
1740
2168
1741
1744
1745
2665
2667
2668
1748
1341
2669
2672
2671
2673
2675
2676
2222
1347
1751
1499
1756
1760
1759
1506
2012
2316
2677
2679
2678
2681
2680
2361
1764
1767
1770
1976
1979
1982
1986
1990
1994
2601
2550
1775
1778
1780
1784
1786
1773
1774
1500
2683
1999
2364
2441
2448
1794
1377
1796
2464
1510
1799
1802
1804
1511
1807
2684
1810
2686
2685
2687
2689
1813
2690
1817
2691
1821
1818
2692
2693
1824
2694
2696
2695
2699
2700
1825
1828
1830
2702
2701
2704
2703
2705
1833
2706
2707
1461
1838
1841
1842
1845
1514
2708
1849
1848
1851
2709
2710
1854
1856
1859
1863
1866
1869
2711
1871
2605
2004
2712
2472
1875
1418
1878
2713
2008
2007
1881
2715
2714
1883
1892
1889
2717
2606
1462
2719
2721
1463
1902
1903
1906
1909
1911
1914
1917
1920
1922
1925
1926
1929
1932
1935
1938
1941
1945
2723
2722
2725
2727
2728
2730
2729
1947
2731
2732
2009
2734
2737
2736
2738
2740
2742
2745
2744
2747
1950
2748
1953
2750
2607
2608
1956
2751
2753
2754
1960
1447
1448
1450
1451
1217
1452
